# Created by Octave 4.0.2, Sat Mar 24 21:11:15 2018 WIB <m46f@M46F>
# name: Result
# type: complex matrix
# rows: 375
# columns: 8
 (1,0) (1,0) (0.548946478054764,0) (10000,0) (0.0001,0) (1,0) (1.374242998890051,0) (0.4922380447387695,0)
 (1,0) (2,0) (NaN,NaN) (18,0) (0.0001,0) (1,0) (NaN,0) (0.001488924026489258,0)
 (1,0) (3,0) (2.999999999999999,2.236067977499789) (10000,0) (0.0001,0) (1,0) (4.472135954999578,0) (0.381479024887085,0)
 (1,0) (1,0) (0.548946478054764,0) (10000,0) (1e-06,0) (1,0) (1.374242998890051,0) (0.4963710308074951,0)
 (1,0) (2,0) (NaN,NaN) (18,0) (1e-06,0) (1,0) (NaN,0) (0.000720977783203125,0)
 (1,0) (3,0) (2.999999999999999,2.236067977499789) (10000,0) (1e-06,0) (1,0) (4.472135954999578,0) (0.3691458702087402,0)
 (1,0) (1,0) (0.548946478054764,0) (10000,0) (1e-08,0) (1,0) (1.374242998890051,0) (0.4383540153503418,0)
 (1,0) (2,0) (NaN,NaN) (18,0) (1e-08,0) (1,0) (NaN,0) (0.0009341239929199219,0)
 (1,0) (3,0) (2.999999999999999,2.236067977499789) (10000,0) (1e-08,0) (1,0) (4.472135954999578,0) (0.379716157913208,0)
 (1,0) (1,0) (0.548946478054764,0) (10000,0) (1e-10,0) (1,0) (1.374242998890051,0) (0.3171279430389404,0)
 (1,0) (2,0) (NaN,NaN) (18,0) (1e-10,0) (1,0) (NaN,0) (0.0008831024169921875,0)
 (1,0) (3,0) (2.999999999999999,2.236067977499789) (10000,0) (1e-10,0) (1,0) (4.472135954999578,0) (0.3342230319976807,0)
 (1,0) (1,0) (0.548946478054764,0) (10000,0) (1e-12,0) (1,0) (1.374242998890051,0) (0.3747880458831787,0)
 (1,0) (2,0) (NaN,NaN) (18,0) (1e-12,0) (1,0) (NaN,0) (0.001099109649658203,0)
 (1,0) (3,0) (2.999999999999999,2.236067977499789) (10000,0) (1e-12,0) (1,0) (4.472135954999578,0) (0.3780059814453125,0)
 (1,0) (1,0) (0.548946478054766,0) (10000,0) (0.0001,0) (1,0) (1.374242998890048,0) (0.3490438461303711,0)
 (1,0) (2,0) (NaN,NaN) (17,0) (0.0001,0) (1,0) (NaN,0) (0.0008537769317626953,0)
 (1,0) (3,0) (2.999999999999999,2.236067977499789) (10000,0) (0.0001,0) (1,0) (4.472135954999578,0) (0.4089319705963135,0)
 (1,0) (1,0) (0.548946478054766,0) (10000,0) (1e-06,0) (1,0) (1.374242998890048,0) (0.3928110599517822,0)
 (1,0) (2,0) (NaN,NaN) (17,0) (1e-06,0) (1,0) (NaN,0) (0.0008749961853027344,0)
 (1,0) (3,0) (2.999999999999999,2.236067977499789) (10000,0) (1e-06,0) (1,0) (4.472135954999578,0) (0.4537858963012695,0)
 (1,0) (1,0) (0.548946478054766,0) (10000,0) (1e-08,0) (1,0) (1.374242998890048,0) (0.5162019729614258,0)
 (1,0) (2,0) (NaN,NaN) (17,0) (1e-08,0) (1,0) (NaN,0) (0.0008690357208251953,0)
 (1,0) (3,0) (2.999999999999999,2.236067977499789) (10000,0) (1e-08,0) (1,0) (4.472135954999578,0) (0.3906280994415283,0)
 (1,0) (1,0) (0.548946478054766,0) (10000,0) (1e-10,0) (1,0) (1.374242998890048,0) (0.3130240440368652,0)
 (1,0) (2,0) (NaN,NaN) (17,0) (1e-10,0) (1,0) (NaN,0) (0.0007789134979248047,0)
 (1,0) (3,0) (2.999999999999999,2.236067977499789) (10000,0) (1e-10,0) (1,0) (4.472135954999578,0) (0.2900750637054443,0)
 (1,0) (1,0) (0.548946478054766,0) (10000,0) (1e-12,0) (1,0) (1.374242998890048,0) (0.3022720813751221,0)
 (1,0) (2,0) (NaN,NaN) (17,0) (1e-12,0) (1,0) (NaN,0) (0.001616954803466797,0)
 (1,0) (3,0) (2.999999999999999,2.236067977499789) (10000,0) (1e-12,0) (1,0) (4.472135954999578,0) (0.3127908706665039,0)
 (1,0) (1,0) (NaN,0) (6,0) (0.0001,0) (1,0) (NaN,0) (0.0002629756927490234,0)
 (1,0) (2,0) (NaN,NaN) (12,0) (0.0001,0) (1,0) (NaN,0) (0.0004360675811767578,0)
 (1,0) (3,0) (3,-2.23606797749979) (10000,0) (0.0001,0) (1,0) (4.47213595499958,0) (0.3144638538360596,0)
 (1,0) (1,0) (NaN,0) (6,0) (1e-06,0) (1,0) (NaN,0) (0.0002222061157226562,0)
 (1,0) (2,0) (NaN,NaN) (12,0) (1e-06,0) (1,0) (NaN,0) (0.0006079673767089844,0)
 (1,0) (3,0) (3,-2.23606797749979) (10000,0) (1e-06,0) (1,0) (4.47213595499958,0) (0.3104279041290283,0)
 (1,0) (1,0) (NaN,0) (6,0) (1e-08,0) (1,0) (NaN,0) (0.0003108978271484375,0)
 (1,0) (2,0) (NaN,NaN) (12,0) (1e-08,0) (1,0) (NaN,0) (0.0004849433898925781,0)
 (1,0) (3,0) (3,-2.23606797749979) (10000,0) (1e-08,0) (1,0) (4.47213595499958,0) (0.3148150444030762,0)
 (1,0) (1,0) (NaN,0) (6,0) (1e-10,0) (1,0) (NaN,0) (0.0002338886260986328,0)
 (1,0) (2,0) (NaN,NaN) (12,0) (1e-10,0) (1,0) (NaN,0) (0.0003869533538818359,0)
 (1,0) (3,0) (3,-2.23606797749979) (10000,0) (1e-10,0) (1,0) (4.47213595499958,0) (0.3014860153198242,0)
 (1,0) (1,0) (NaN,0) (6,0) (1e-12,0) (1,0) (NaN,0) (0.0003359317779541016,0)
 (1,0) (2,0) (NaN,NaN) (12,0) (1e-12,0) (1,0) (NaN,0) (0.0004639625549316406,0)
 (1,0) (3,0) (3,-2.23606797749979) (10000,0) (1e-12,0) (1,0) (4.47213595499958,0) (0.294342041015625,0)
 (1,0) (1,0) (0.548946478054764,0) (10000,0) (0.0001,0) (1,0) (1.374242998890051,0) (0.2889599800109863,0)
 (1,0) (2,0) (NaN,NaN) (18,0) (0.0001,0) (1,0) (NaN,0) (0.0006589889526367188,0)
 (1,0) (3,0) (2.999999999999999,2.236067977499789) (10000,0) (0.0001,0) (1,0) (4.472135954999578,0) (0.2897019386291504,0)
 (1,0) (1,0) (0.548946478054764,0) (10000,0) (1e-06,0) (1,0) (1.374242998890051,0) (0.291405200958252,0)
 (1,0) (2,0) (NaN,NaN) (18,0) (1e-06,0) (1,0) (NaN,0) (0.001003026962280273,0)
 (1,0) (3,0) (2.999999999999999,2.236067977499789) (10000,0) (1e-06,0) (1,0) (4.472135954999578,0) (0.322894811630249,0)
 (1,0) (1,0) (0.548946478054764,0) (10000,0) (1e-08,0) (1,0) (1.374242998890051,0) (0.2766199111938477,0)
 (1,0) (2,0) (NaN,NaN) (18,0) (1e-08,0) (1,0) (NaN,0) (0.0008678436279296875,0)
 (1,0) (3,0) (2.999999999999999,2.236067977499789) (10000,0) (1e-08,0) (1,0) (4.472135954999578,0) (0.305549144744873,0)
 (1,0) (1,0) (0.548946478054764,0) (10000,0) (1e-10,0) (1,0) (1.374242998890051,0) (0.2860579490661621,0)
 (1,0) (2,0) (NaN,NaN) (18,0) (1e-10,0) (1,0) (NaN,0) (0.0009229183197021484,0)
 (1,0) (3,0) (2.999999999999999,2.236067977499789) (10000,0) (1e-10,0) (1,0) (4.472135954999578,0) (0.3249690532684326,0)
 (1,0) (1,0) (0.548946478054764,0) (10000,0) (1e-12,0) (1,0) (1.374242998890051,0) (0.274399995803833,0)
 (1,0) (2,0) (NaN,NaN) (18,0) (1e-12,0) (1,0) (NaN,0) (0.0005650520324707031,0)
 (1,0) (3,0) (2.999999999999999,2.236067977499789) (10000,0) (1e-12,0) (1,0) (4.472135954999578,0) (0.3035299777984619,0)
 (1,0) (1,0) (0.548946478054766,0) (10000,0) (0.0001,0) (1,0) (1.374242998890048,0) (0.2770750522613525,0)
 (1,0) (2,0) (NaN,NaN) (19,0) (0.0001,0) (1,0) (NaN,0) (0.0007789134979248047,0)
 (1,0) (3,0) (2.999999999999999,2.236067977499789) (10000,0) (0.0001,0) (1,0) (4.472135954999578,0) (0.3176071643829346,0)
 (1,0) (1,0) (0.548946478054766,0) (10000,0) (1e-06,0) (1,0) (1.374242998890048,0) (0.2697041034698486,0)
 (1,0) (2,0) (NaN,NaN) (19,0) (1e-06,0) (1,0) (NaN,0) (0.0005941390991210938,0)
 (1,0) (3,0) (2.999999999999999,2.236067977499789) (10000,0) (1e-06,0) (1,0) (4.472135954999578,0) (0.3080310821533203,0)
 (1,0) (1,0) (0.548946478054766,0) (10000,0) (1e-08,0) (1,0) (1.374242998890048,0) (0.3755040168762207,0)
 (1,0) (2,0) (NaN,NaN) (19,0) (1e-08,0) (1,0) (NaN,0) (0.0006167888641357422,0)
 (1,0) (3,0) (2.999999999999999,2.236067977499789) (10000,0) (1e-08,0) (1,0) (4.472135954999578,0) (0.2703680992126465,0)
 (1,0) (1,0) (0.548946478054766,0) (10000,0) (1e-10,0) (1,0) (1.374242998890048,0) (0.2963831424713135,0)
 (1,0) (2,0) (NaN,NaN) (19,0) (1e-10,0) (1,0) (NaN,0) (0.0009379386901855469,0)
 (1,0) (3,0) (2.999999999999999,2.236067977499789) (10000,0) (1e-10,0) (1,0) (4.472135954999578,0) (0.3533220291137695,0)
 (1,0) (1,0) (0.548946478054766,0) (10000,0) (1e-12,0) (1,0) (1.374242998890048,0) (0.3486800193786621,0)
 (1,0) (2,0) (NaN,NaN) (19,0) (1e-12,0) (1,0) (NaN,0) (0.00061798095703125,0)
 (1,0) (3,0) (2.999999999999999,2.236067977499789) (10000,0) (1e-12,0) (1,0) (4.472135954999578,0) (0.3415679931640625,0)
 (2,0) (4,0) (1.559632466020017,0) (14,0) (0.0001,0) (1,0) (7.148782300947509e-05,0) (0.0004010200500488281,0)
 (2,0) (5,0) (0,0) (3,0) (0.0001,0) (1,0) (0,0) (0.0001339912414550781,0)
 (2,0) (6,0) (0,0) (4,0) (0.0001,0) (1,0) (0,0) (0.02960991859436035,0)
 (2,0) (4,0) (1.559610638976339,0) (20,0) (1e-06,0) (1,0) (5.509274549897469e-07,0) (0.000762939453125,0)
