# Created by Octave 4.0.2, Sat Mar 24 22:24:49 2018 WIB <m46f@M46F>
# name: Result
# type: complex matrix
# rows: 375
# columns: 8
 (1,0) (1,0) (0.548946478054764,0) (10000,0) (0.0001,0) (0,0) (1.374242998890051,0) (0.2734808921813965,0)
 (1,0) (2,0) (NaN,NaN) (16,0) (0.0001,0) (1,0) (NaN,0) (0.0005040168762207031,0)
 (1,0) (3,0) (2.999999999999999,2.236067977499789) (10000,0) (0.0001,0) (0,0) (4.472135954999578,0) (0.3130819797515869,0)
 (1,0) (1,0) (0.548946478054764,0) (10000,0) (1e-06,0) (0,0) (1.374242998890051,0) (0.2781059741973877,0)
 (1,0) (2,0) (NaN,NaN) (16,0) (1e-06,0) (1,0) (NaN,0) (0.0005021095275878906,0)
 (1,0) (3,0) (2.999999999999999,2.236067977499789) (10000,0) (1e-06,0) (0,0) (4.472135954999578,0) (0.3053100109100342,0)
 (1,0) (1,0) (0.548946478054764,0) (10000,0) (1e-08,0) (0,0) (1.374242998890051,0) (0.3126740455627441,0)
 (1,0) (2,0) (NaN,NaN) (16,0) (1e-08,0) (1,0) (NaN,0) (0.001093149185180664,0)
 (1,0) (3,0) (2.999999999999999,2.236067977499789) (10000,0) (1e-08,0) (0,0) (4.472135954999578,0) (0.32499098777771,0)
 (1,0) (1,0) (0.548946478054764,0) (10000,0) (1e-10,0) (0,0) (1.374242998890051,0) (0.3096709251403809,0)
 (1,0) (2,0) (NaN,NaN) (16,0) (1e-10,0) (1,0) (NaN,0) (0.0005369186401367188,0)
 (1,0) (3,0) (2.999999999999999,2.236067977499789) (10000,0) (1e-10,0) (0,0) (4.472135954999578,0) (0.2926409244537354,0)
 (1,0) (1,0) (0.548946478054764,0) (10000,0) (1e-12,0) (0,0) (1.374242998890051,0) (0.3037118911743164,0)
 (1,0) (2,0) (NaN,NaN) (16,0) (1e-12,0) (1,0) (NaN,0) (0.0006911754608154297,0)
 (1,0) (3,0) (2.999999999999999,2.236067977499789) (10000,0) (1e-12,0) (0,0) (4.472135954999578,0) (0.2788550853729248,0)
 (1,0) (1,0) (0.548946478054764,0) (10000,0) (0.0001,0) (0,0) (1.374242998890051,0) (0.2707340717315674,0)
 (1,0) (2,0) (NaN,NaN) (18,0) (0.0001,0) (1,0) (NaN,0) (0.0005681514739990234,0)
 (1,0) (3,0) (2.999999999999999,2.236067977499789) (10000,0) (0.0001,0) (0,0) (4.472135954999578,0) (0.2891130447387695,0)
 (1,0) (1,0) (0.548946478054764,0) (10000,0) (1e-06,0) (0,0) (1.374242998890051,0) (0.334291934967041,0)
 (1,0) (2,0) (NaN,NaN) (18,0) (1e-06,0) (1,0) (NaN,0) (0.0005979537963867188,0)
 (1,0) (3,0) (2.999999999999999,2.236067977499789) (10000,0) (1e-06,0) (0,0) (4.472135954999578,0) (0.2828340530395508,0)
 (1,0) (1,0) (0.548946478054764,0) (10000,0) (1e-08,0) (0,0) (1.374242998890051,0) (0.2866251468658447,0)
 (1,0) (2,0) (NaN,NaN) (18,0) (1e-08,0) (1,0) (NaN,0) (0.0006611347198486328,0)
 (1,0) (3,0) (2.999999999999999,2.236067977499789) (10000,0) (1e-08,0) (0,0) (4.472135954999578,0) (0.3884711265563965,0)
 (1,0) (1,0) (0.548946478054764,0) (10000,0) (1e-10,0) (0,0) (1.374242998890051,0) (0.3204638957977295,0)
 (1,0) (2,0) (NaN,NaN) (18,0) (1e-10,0) (1,0) (NaN,0) (0.0006248950958251953,0)
 (1,0) (3,0) (2.999999999999999,2.236067977499789) (10000,0) (1e-10,0) (0,0) (4.472135954999578,0) (0.3338139057159424,0)
 (1,0) (1,0) (0.548946478054764,0) (10000,0) (1e-12,0) (0,0) (1.374242998890051,0) (0.3521430492401123,0)
 (1,0) (2,0) (NaN,NaN) (18,0) (1e-12,0) (1,0) (NaN,0) (0.0005600452423095703,0)
 (1,0) (3,0) (2.999999999999999,2.236067977499789) (10000,0) (1e-12,0) (0,0) (4.472135954999578,0) (0.3572828769683838,0)
 (1,0) (1,0) (NaN,0) (7,0) (0.0001,0) (1,0) (NaN,0) (0.0002729892730712891,0)
 (1,0) (2,0) (NaN,NaN) (12,0) (0.0001,0) (1,0) (NaN,0) (0.0004589557647705078,0)
 (1,0) (3,0) (3,-2.23606797749979) (10000,0) (0.0001,0) (0,0) (4.47213595499958,0) (0.3383710384368896,0)
 (1,0) (1,0) (NaN,0) (7,0) (1e-06,0) (1,0) (NaN,0) (0.0004138946533203125,0)
 (1,0) (2,0) (NaN,NaN) (12,0) (1e-06,0) (1,0) (NaN,0) (0.0006749629974365234,0)
 (1,0) (3,0) (3,-2.23606797749979) (10000,0) (1e-06,0) (0,0) (4.47213595499958,0) (0.3586499691009521,0)
 (1,0) (1,0) (NaN,0) (7,0) (1e-08,0) (1,0) (NaN,0) (0.0002660751342773438,0)
 (1,0) (2,0) (NaN,NaN) (12,0) (1e-08,0) (1,0) (NaN,0) (0.0005040168762207031,0)
 (1,0) (3,0) (3,-2.23606797749979) (10000,0) (1e-08,0) (0,0) (4.47213595499958,0) (0.301285982131958,0)
 (1,0) (1,0) (NaN,0) (7,0) (1e-10,0) (1,0) (NaN,0) (0.0003230571746826172,0)
 (1,0) (2,0) (NaN,NaN) (12,0) (1e-10,0) (1,0) (NaN,0) (0.0004630088806152344,0)
 (1,0) (3,0) (3,-2.23606797749979) (10000,0) (1e-10,0) (0,0) (4.47213595499958,0) (0.2959818840026855,0)
 (1,0) (1,0) (NaN,0) (7,0) (1e-12,0) (1,0) (NaN,0) (0.0002498626708984375,0)
 (1,0) (2,0) (NaN,NaN) (12,0) (1e-12,0) (1,0) (NaN,0) (0.0004439353942871094,0)
 (1,0) (3,0) (3,-2.23606797749979) (10000,0) (1e-12,0) (0,0) (4.47213595499958,0) (0.2793350219726562,0)
 (1,0) (1,0) (0.548946478054764,0) (10000,0) (0.0001,0) (0,0) (1.374242998890051,0) (0.3343110084533691,0)
 (1,0) (2,0) (NaN,NaN) (18,0) (0.0001,0) (1,0) (NaN,0) (0.0006020069122314453,0)
 (1,0) (3,0) (2.999999999999999,2.236067977499789) (10000,0) (0.0001,0) (0,0) (4.472135954999578,0) (0.3105401992797852,0)
 (1,0) (1,0) (0.548946478054764,0) (10000,0) (1e-06,0) (0,0) (1.374242998890051,0) (0.3029940128326416,0)
 (1,0) (2,0) (NaN,NaN) (18,0) (1e-06,0) (1,0) (NaN,0) (0.0006089210510253906,0)
 (1,0) (3,0) (2.999999999999999,2.236067977499789) (10000,0) (1e-06,0) (0,0) (4.472135954999578,0) (0.2883009910583496,0)
 (1,0) (1,0) (0.548946478054764,0) (10000,0) (1e-08,0) (0,0) (1.374242998890051,0) (0.3268249034881592,0)
 (1,0) (2,0) (NaN,NaN) (18,0) (1e-08,0) (1,0) (NaN,0) (0.0006082057952880859,0)
 (1,0) (3,0) (2.999999999999999,2.236067977499789) (10000,0) (1e-08,0) (0,0) (4.472135954999578,0) (0.3061459064483643,0)
 (1,0) (1,0) (0.548946478054764,0) (10000,0) (1e-10,0) (0,0) (1.374242998890051,0) (0.2851178646087646,0)
 (1,0) (2,0) (NaN,NaN) (18,0) (1e-10,0) (1,0) (NaN,0) (0.0009918212890625,0)
 (1,0) (3,0) (2.999999999999999,2.236067977499789) (10000,0) (1e-10,0) (0,0) (4.472135954999578,0) (0.3705930709838867,0)
 (1,0) (1,0) (0.548946478054764,0) (10000,0) (1e-12,0) (0,0) (1.374242998890051,0) (0.341080904006958,0)
 (1,0) (2,0) (NaN,NaN) (18,0) (1e-12,0) (1,0) (NaN,0) (0.0009200572967529297,0)
 (1,0) (3,0) (2.999999999999999,2.236067977499789) (10000,0) (1e-12,0) (0,0) (4.472135954999578,0) (0.3208639621734619,0)
 (1,0) (1,0) (0.548946478054764,0) (10000,0) (0.0001,0) (0,0) (1.374242998890051,0) (0.3308241367340088,0)
 (1,0) (2,0) (NaN,NaN) (19,0) (0.0001,0) (1,0) (NaN,0) (0.0006730556488037109,0)
 (1,0) (3,0) (2.999999999999999,2.236067977499789) (10000,0) (0.0001,0) (0,0) (4.472135954999578,0) (0.3445000648498535,0)
 (1,0) (1,0) (0.548946478054764,0) (10000,0) (1e-06,0) (0,0) (1.374242998890051,0) (0.326207160949707,0)
 (1,0) (2,0) (NaN,NaN) (19,0) (1e-06,0) (1,0) (NaN,0) (0.0006041526794433594,0)
 (1,0) (3,0) (2.999999999999999,2.236067977499789) (10000,0) (1e-06,0) (0,0) (4.472135954999578,0) (0.3469679355621338,0)
 (1,0) (1,0) (0.548946478054764,0) (10000,0) (1e-08,0) (0,0) (1.374242998890051,0) (0.3347539901733398,0)
 (1,0) (2,0) (NaN,NaN) (19,0) (1e-08,0) (1,0) (NaN,0) (0.001409053802490234,0)
 (1,0) (3,0) (2.999999999999999,2.236067977499789) (10000,0) (1e-08,0) (0,0) (4.472135954999578,0) (0.3447308540344238,0)
 (1,0) (1,0) (0.548946478054764,0) (10000,0) (1e-10,0) (0,0) (1.374242998890051,0) (0.3175251483917236,0)
 (1,0) (2,0) (NaN,NaN) (19,0) (1e-10,0) (1,0) (NaN,0) (0.00067901611328125,0)
 (1,0) (3,0) (2.999999999999999,2.236067977499789) (10000,0) (1e-10,0) (0,0) (4.472135954999578,0) (0.3270299434661865,0)
 (1,0) (1,0) (0.548946478054764,0) (10000,0) (1e-12,0) (0,0) (1.374242998890051,0) (0.3086929321289062,0)
 (1,0) (2,0) (NaN,NaN) (19,0) (1e-12,0) (1,0) (NaN,0) (0.0008859634399414062,0)
 (1,0) (3,0) (2.999999999999999,2.236067977499789) (10000,0) (1e-12,0) (0,0) (4.472135954999578,0) (0.3386819362640381,0)
 (2,0) (4,0) (1.559631123230265,0) (14,0) (0.0001,0) (1,0) (6.712392673335899e-05,0) (0.0004489421844482422,0)
 (2,0) (5,0) (3.395238065604057e-162,0) (2,0) (0.0001,0) (1,0) (1.697619032802028e-162,0) (0.0001139640808105469,0)
 (2,0) (6,0) (1.698809099270265e-80,0) (2,0) (0.0001,0) (1,0) (4.975696652348498e-81,0) (0.0001120567321777344,0)
