# Created by Octave 4.0.2, Sat Mar 24 21:10:27 2018 WIB <m46f@M46F>
# name: x1a
# type: matrix
# rows: 1
# columns: 5
 0 -1 89 0.04843642654237072 0.8485423743665089


