# Created by Octave 4.0.2, Sat Mar 24 22:23:58 2018 WIB <m46f@M46F>
# name: x1a
# type: matrix
# rows: 1
# columns: 5
 -2 0 -31 0.2865387567503382 0.336379329239407


