# Created by Octave 4.0.2, Sat Mar 24 21:10:28 2018 WIB <m46f@M46F>
# name: x1b
# type: matrix
# rows: 1
# columns: 5
 -41 72 68 0.9055393552610735 0.05408148052355226


