# Created by Octave 4.0.2, Sat Mar 24 22:23:59 2018 WIB <m46f@M46F>
# name: x1b
# type: matrix
# rows: 1
# columns: 5
 85 24 98 0.6022326906602939 0.9788341458253891


