# Created by Octave 4.0.2, Sat Mar 24 22:24:00 2018 WIB <m46f@M46F>
# name: x1c
# type: matrix
# rows: 1
# columns: 5
 17 -36.36363636 86 0.06584680043607542 0.8009707412211223


