# Created by Octave 4.0.2, Sat Mar 24 21:10:29 2018 WIB <m46f@M46F>
# name: x1c
# type: matrix
# rows: 1
# columns: 5
 -87 -36.36363636 67 0.09186670477192942 0.6432645344740154


