# Created by Octave 4.0.2, Sat Mar 24 21:10:31 2018 WIB <m46f@M46F>
# name: x1d
# type: matrix
# rows: 1
# columns: 5
 2 4 -3 0.4620175197941391 0.03985171371086386


