# Created by Octave 4.0.2, Sat Mar 24 22:24:02 2018 WIB <m46f@M46F>
# name: x1d
# type: matrix
# rows: 1
# columns: 5
 2 3 1 0.8131139053275016 0.5859275352459143


