# Created by Octave 4.0.2, Sat Mar 24 21:10:33 2018 WIB <m46f@M46F>
# name: x1e
# type: matrix
# rows: 1
# columns: 5
 0 4 2 0.2065299223851252 0.2774221549345837


