# Created by Octave 4.0.2, Sat Mar 24 22:24:03 2018 WIB <m46f@M46F>
# name: x1e
# type: matrix
# rows: 1
# columns: 5
 2 4 -3 0.1258248090013769 0.93490263184778


